54620 43523 2
52694 42750 2
53253 43024 2
54925 42624 2
54973 43980 2
52967 42955 2
55143 40238 2
53071 44896 2
55710 44219 2
54459 43964 2
54467 44351 2
53570 41898 2
55155 43399 2
54051 41019 2
55335 44023 2
54449 42872 2
53399 42273 2
54241 43580 2
56000 41710 2
53204 42630 2
54524 42904 2
55665 44100 2
55829 40780 2
54059 42096 2
53106 42771 2
54427 43777 2
55368 41828 2
53927 45077 2
55278 44081 2
55909 41497 2
53344 42929 2
55095 42443 2
55645 43363 2
55718 43777 2
57115 44424 2
54963 44875 2
54483 43594 2
54543 44843 2
54263 39356 2
53992 42499 2
54729 40311 2
55013 44589 2
53332 43782 2
52627 41645 2
57103 40709 2
54352 42520 2
50478 42084 2
54849 41733 2
53055 42310 2
55191 42127 2
51936 41784 2
54594 44345 2
52164 42650 2
56302 42288 2
52913 44156 2
53697 46311 2
53582 40916 2
52993 40890 2
54222 43822 2
52221 43490 2
55062 44521 2
52460 42366 2
54341 45492 2
52195 42091 2
53141 41774 2
53476 41355 2
54256 44048 2
56036 42102 2
54916 42689 2
53420 44299 2
54924 42079 2
56208 41204 2
53855 42912 2
55078 42668 2
52975 43407 2
52526 43275 2
56191 42928 2
56569 44022 2
53730 42300 2
56749 45529 2
55281 42586 2
56338 39718 2
52456 43210 2
55388 42905 2
55983 42644 2
54325 45723 2
52346 41845 2
52745 42741 2
54393 42416 2
53106 42336 2
56285 41221 2
54064 41409 2
53703 44027 2
54179 45588 2
55395 42014 2
53023 46128 2
56830 40997 2
57981 42287 2
52898 41098 2
54307 42992 2
55303 44416 2
52517 43287 2
53727 41735 2
55346 40987 2
53531 43995 2
54225 40013 2
54111 43711 2
55977 44177 2
55227 44206 2
52351 45876 2
49952 42514 2
55911 44667 2
55825 42139 2
53832 43983 2
54353 42453 2
50548 44199 2
54329 44001 2
54691 42918 2
54026 42248 2
54140 42328 2
54032 42111 2
54556 42397 2
55092 43404 2
54417 42391 2
57398 41217 2
55169 42237 2
53973 44112 2
53795 43670 2
52409 41340 2
51167 45741 8
56804 43627 2
56299 42413 2
55062 43027 2
54716 43766 2
54943 41966 2
57196 43284 2
54033 40367 2
56416 42968 2
56087 43599 2
54414 44613 2
52304 42213 2
57416 43226 2
54876 42500 2
52495 41064 2
54272 43145 2
55984 40501 2
53322 41799 2
55053 43347 2
54308 42602 2
54091 44335 2
50545 49343 8
50711 50227 8
49983 48300 8
51327 46829 8
53980 49207 8
52846 50052 8
51816 47204 8
51421 49806 8
49762 47210 8
51564 50111 8
51541 48433 8
54602 50309 8
51116 48104 8
53307 51015 8
51683 49283 8
51485 48750 8
52477 50139 8
52872 50375 8
54275 48580 8
51460 49224 8
52073 50583 8
50778 50832 8
52994 49958 8
52103 49204 8
51076 50440 8
49868 50597 8
51122 48724 8
53609 48195 8
50862 48277 8
50697 47557 8
52531 50046 8
51759 49073 8
50162 50113 8
51046 51417 8
52256 47563 8
54748 47435 8
51069 50726 8
53561 46928 8
50745 51221 8
51125 52196 8
49630 48514 8
53771 49411 8
50498 50993 8
52768 50430 8
51476 50875 8
50128 50117 8
49685 48605 8
49164 46821 0
51674 48858 8
50230 49055 8
53145 48166 8
50617 48690 8
53365 47853 8
53322 49129 8
52899 49148 8
53498 48141 8
50423 47832 8
51377 48123 8
50843 49836 8
51344 48631 8
52620 47208 8
53300 49981 8
53300 50101 8
51333 48502 8
52533 48519 8
49164 49656 8
52172 50246 8
52323 49316 8
49154 48565 8
50651 49838 8
50835 50099 8
53742 49907 8
50691 50499 8
51354 46853 8
50952 49346 8
52105 49253 8
52045 48784 8
51808 47875 8
51536 50378 8
52080 46732 8
51189 50434 8
51798 48228 8
51985 49754 8
53241 53420 8
52899 48633 8
54090 49415 8
51910 50787 8
51162 51612 8
52155 50267 8
49469 49205 8
51308 49630 8
50307 51082 8
50059 45731 8
50244 48477 8
48977 47710 8
48661 50836 8
51554 51790 8
51397 50323 8
52757 50130 8
52164 47191 8
51089 48855 8
52166 48385 8
52613 50446 8
51235 49140 8
50455 50713 8
52393 49486 8
51011 48580 8
51294 48648 8
52558 50207 8
53182 51978 8
53694 51985 8
50822 48480 8
50663 49713 8
49538 51625 8
53264 48831 8
51545 48362 8
51808 52179 8
53242 51473 8
49352 49577 8
51610 48965 8
48381 48106 0
48715 49479 8
50929 50250 8
50452 48945 8
52903 49650 8
52902 50105 8
50369 49615 8
51003 48693 8
51586 49170 8
52214 50324 8
51815 49375 8
50015 49385 8
49968 44951 0
51274 51159 8
50139 48240 8
51568 48212 8
52094 49427 8
53771 49868 8
52696 51309 8
51353 50271 8
52110 48679 8
53065 49559 8
51243 49471 8
49158 47569 8
51589 53212 8
50716 50226 8
52917 51056 8
52046 47422 8
50183 48147 8
49685 50701 8
59637 45811 3
60147 45082 3
60025 50540 13
62099 45862 3
62457 44344 3
60734 45976 3
61654 45375 3
62737 46856 3
59434 45767 3
61383 46454 3
59180 45359 3
62661 46734 3
61930 45278 3
61909 46072 3
63957 47753 3
62033 45635 3
58244 45992 3
61159 45013 3
61495 46965 3
62011 48870 3
59014 46813 3
59953 46852 3
61075 46380 3
59978 45921 3
63518 45366 3
60662 45183 3
61917 49590 3
58162 45461 3
58656 47841 3
60103 43554 3
61360 46709 3
61576 48371 3
59026 46292 3
61555 46519 3
63261 45819 3
61252 48636 3
60366 46199 3
59988 48268 3
62906 45197 3
59397 44267 3
61898 46911 3
62684 47619 3
62113 46253 3
61034 48519 3
60097 49612 3
59797 43693 3
61500 44023 3
58569 46086 3
62098 48364 3
60135 46592 3
63119 45688 3
61016 47793 3
60779 47519 3
61530 46159 3
62512 46476 3
59835 47222 3
59495 47409 3
58468 48906 3
57948 47995 3
59107 48912 3
61258 46064 3
59691 47572 3
59628 46865 3
60173 48289 3
61201 45635 3
62400 45584 3
59578 48612 3
61786 44837 3
60755 44937 3
61942 46526 3
61501 45670 3
59458 47430 3
60630 47285 3
59370 48566 3
59677 46828 3
62217 43734 3
59962 46140 3
59247 43976 3
62951 43581 3
64197 46477 3
58954 45292 3
62130 43638 3
61766 44822 3
61211 44484 3
62982 45314 3
60461 46738 3
61434 46270 3
60185 48738 3
60602 44756 3
62991 49882 3
60817 46350 3
59524 46701 3
61589 48446 3
63760 44658 3
62292 48885 3
63074 47510 3
60573 45064 3
62195 46716 3
58990 47402 3
58730 46167 3
61872 46473 3
62583 48197 3
63311 44483 3
61267 46010 3
59364 48273 3
61827 44599 3
58938 46819 3
60129 46161 3
56623 47837 3
60470 45222 3
61691 45495 3
60109 43495 3
58717 46859 3
58565 46331 3
60601 47937 3
62566 49149 3
61903 46451 3
61782 47084 3
61954 45907 3
62345 47091 3
58264 45640 3
61303 48326 3
58773 43499 2
63086 47075 3
63081 47684 3
60204 46955 3
60597 46399 3
59077 48115 3
61768 44391 3
58976 45060 3
60989 47257 3
61190 47066 3
60972 46551 3
60077 44786 3
61432 46817 3
62600 45672 3
61396 48168 3
62082 46029 3
62480 45840 3
60049 45388 3
59918 48366 3
62084 45119 3
60707 46058 3
60634 45826 3
63489 44063 3
62451 48261 3
62426 44954 3
61782 49028 3
61595 47677 3
62779 47041 3
59953 50937 13
60526 53180 13
58802 53819 13
62297 52300 13
58604 54336 13
60766 55324 13
58238 51102 13
60125 49071 3
59177 52894 13
61205 52646 13
59620 53606 13
61566 53795 13
62010 50563 13
55811 52761 8
57938 52825 13
62783 52794 13
59198 52561 13
59786 51948 13
60902 55082 13
60679 50894 13
63223 53981 13
60586 48986 3
61159 54532 13
61033 52468 13
61475 53918 13
62169 51916 13
58904 53725 13
60531 53274 13
61442 51792 13
60235 52007 13
58915 50231 13
62109 50367 13
59971 53488 13
60369 52563 13
57329 51751 13
59933 56156 13
61775 53359 13
61599 53671 13
60106 49519 3
57978 52975 13
63057 51681 13
61776 51655 13
62364 50648 13
60327 51525 13
59857 53804 13
59856 50041 13
58313 52980 13
62549 54640 13
59146 54829 13
61469 51409 13
58371 50040 13
61314 51110 13
60548 53678 13
59922 52786 13
58762 51916 13
60854 52169 13
62313 53461 13
60787 51558 13
60948 49685 3
60644 51665 13
59095 50820 13
58808 52874 13
63244 53722 13
61129 52867 13
60730 52083 13
61190 54253 13
57940 53483 13
60793 50532 13
57987 50535 13
57316 51557 13
57344 53713 13
59345 53451 13
59309 53689 13
63148 54994 13
65535 51609 13
58432 52328 13
61739 52881 13
58769 54508 13
62146 50611 13
61353 52949 13
60249 52238 13
60703 52037 13
61407 52897 13
59622 51840 13
58297 53749 13
58234 52471 13
63457 52600 13
60443 53128 13
62485 51824 13
59626 52498 13
60245 51232 13
60088 51401 13
59466 51775 13
59673 50869 13
59396 54860 13
60024 50389 13
63143 53181 13
61364 52426 13
61272 52410 13
61352 50032 3
60794 53091 13
58644 54218 13
60576 51753 13
59434 52433 13
61099 50199 13
57111 51732 13
59385 51054 13
59626 52424 13
62053 52942 13
59411 54228 13
63256 53319 13
61799 52927 13
56783 52846 13
61232 53224 13
60221 52022 13
58815 54259 13
58336 53014 13
60820 53919 13
59816 53916 13
60946 53614 13
57803 50468 13
59045 52706 13
60617 51398 13
61019 51535 13
60753 50736 13
62592 54099 13
60868 51134 13
60597 51012 13
60201 52003 13
60152 49128 3
59566 53452 13
59703 52501 13
58933 53890 13
59898 51245 13
60079 53099 13
62063 51857 13
60308 51685 13
61447 51661 13
58543 53625 13
61593 51496 13
61290 54028 13
61105 49647 3
60231 53265 13
59558 52776 13
58402 52389 13
58134 51877 13
59040 54950 13
63162 53609 13
58718 49514 3
60396 52805 13
44040 46197 0
46006 46521 0
47260 47193 0
45600 46395 0
44324 44879 0
42732 45444 0
43609 46066 0
46021 44331 0
45527 42803 0
44401 45918 0
44023 46226 0
44772 46447 0
46125 45879 0
45451 47318 0
44081 47210 0
45840 49753 0
46384 44600 0
44279 43434 0
44882 47245 0
45818 44321 0
45019 45549 0
43897 46696 0
43524 46836 0
42508 47345 0
45015 46110 0
45356 44834 0
45010 47987 0
43712 46227 0
46179 46421 0
45360 46378 0
44163 47526 0
46904 46553 0
42409 44578 0
43905 45300 0
42749 45475 0
44698 44129 0
43280 46617 0
45574 47897 0
43851 47533 0
44478 46315 0
44520 46484 0
46371 47909 0
42904 44785 0
44901 44409 0
43361 48159 0
43714 43305 0
44492 45977 0
43671 47848 0
43629 46252 0
45612 47971 0
44877 48055 0
44762 46708 0
46340 45960 0
42187 44860 0
42896 46268 0
44691 46276 0
42616 48423 0
44100 44734 0
45893 47567 0
45486 44940 0
46071 50218 0
46857 48357 0
46050 46610 0
44886 47155 0
45351 45046 0
44677 47921 0
45206 46504 0
44977 46050 0
46042 47659 0
44793 47895 0
45298 46876 0
42300 46449 0
45015 44653 0
46676 46171 0
45440 45988 0
46055 47085 0
44201 48116 0
45308 45173 0
46229 46865 0
45738 46899 0
43439 43985 0
42348 46774 0
45146 47690 0
46211 44206 0
44565 44177 0
46191 48317 0
45909 45961 0
44577 46345 0
46157 45612 0
41927 48543 0
45309 46374 0
46051 45145 0
41508 47088 0
44238 45158 0
45806 46785 0
45230 47186 0
42223 47000 0
44108 46834 0
46761 47183 0
45727 44795 0
45234 46110 0
46226 45384 0
44460 46396 0
46924 47066 0
44201 46722 0
45562 47033 0
43711 47308 0
46969 46954 0
46080 45768 0
43869 48571 0
45755 46024 0
44704 46111 0
45754 46817 0
44916 46930 0
45205 44698 0
45636 41946 0
43794 43368 0
42990 47111 0
44324 47646 0
46585 48285 0
43138 47056 0
44109 47298 0
42078 45102 0
44719 47108 0
43690 44669 0
43682 47550 0
45997 46437 0
45652 46746 0
45705 47041 0
45374 46355 0
45536 44653 0
45595 47049 0
44325 46733 0
46511 47373 0
44717 47856 0
45786 46580 0
41089 45626 11
41851 44047 11
47162 47068 0
46773 44941 0
45806 45282 0
43274 47372 0
42182 45481 0
43583 47308 0
44362 45655 0
43611 45959 0
42283 44263 0
48266 45184 0
45821 47089 0
47332 45389 0
37900 43700 11
38172 42792 11
38870 44459 11
36702 45802 11
39220 45233 11
39240 45636 11
38915 45632 11
37496 46121 11
37626 43520 11
36859 42832 11
36497 45576 11
37937 43875 11
37414 45176 11
39339 45642 11
38768 44701 11
41073 43678 11
35880 44226 11
37556 45014 11
39028 46813 11
39129 45517 11
39139 43725 11
39846 44359 11
38946 42243 11
37889 42985 11
37202 42594 11
39657 46012 11
40225 43669 11
39702 45456 11
36022 44378 11
39149 44151 11
38749 44262 11
36524 45489 11
39630 45246 11
38678 43050 11
38805 43472 11
36611 46457 11
40358 44017 11
42141 45706 0
36701 43206 11
37160 42132 11
39036 46009 11
38631 43541 11
39553 42753 11
38443 45629 11
35876 43700 11
37021 42818 11
41819 44466 11
40028 44930 11
37346 45508 11
38863 44153 11
38508 42962 11
37264 47422 11
38967 44890 11
37439 44820 11
37270 43745 11
38396 44576 11
38385 42809 11
38104 44902 11
36294 42107 11
36196 48017 16
37836 43781 11
38015 47510 11
36982 42306 11
34913 45567 11
35954 45537 11
37321 45452 11
38878 44922 11
36692 43157 11
39976 45731 11
36945 43736 11
39339 47635 11
37645 43455 11
39633 45001 11
36611 43308 11
34906 46250 19
38611 43370 11
41704 45883 11
39621 43859 11
38077 43794 11
40492 47761 11
34702 44962 19
37823 45829 11
36125 46077 11
39395 47560 11
37207 41740 11
37616 47074 11
40281 44811 11
38038 48847 16
39125 42626 11
36602 45948 11
38478 45047 11
37382 44795 11
34334 42680 19
36768 41959 11
37938 45945 11
35861 45653 11
38094 44260 11
37969 44116 11
36962 45354 11
36490 44675 11
38348 45436 11
40941 43844 11
36794 42112 11
37542 46600 11
37933 46235 11
41131 42932 11
38015 46380 11
36468 45109 11
35208 47795 16
38449 43572 11
39124 42972 11
35984 42959 11
40255 44800 11
37430 41616 11
36451 44885 11
38267 44239 11
38653 43402 11
39128 42928 11
40318 44621 11
39291 43282 11
36671 44622 11
37140 44018 11
36271 44809 11
38421 44847 11
37125 44254 11
41955 45767 0
37094 44119 11
37694 42646 11
38965 45780 11
37904 44387 11
39379 44164 11
36780 43453 11
38535 43780 11
38827 45565 11
37760 44128 11
37103 46501 11
36567 45438 11
39429 44771 11
38365 45290 11
37201 46980 11
38197 42246 11
38657 45536 11
37755 43877 11
37701 44638 11
40228 46360 11
35969 44284 11
36903 42584 11
38661 44045 11
38646 42669 11
37416 45799 11
36035 49446 16
38117 50251 16
36690 49591 16
34794 50227 16
37120 50499 16
35693 52595 16
34424 50941 16
35866 51091 16
37703 52241 16
34587 49905 16
33678 52163 16
36568 52539 16
35268 51811 16
38729 49255 16
36501 48967 16
34736 48182 16
33096 50259 16
37830 51496 16
35451 47900 16
35724 51642 16
36425 52080 16
35938 51733 16
38012 50808 16
33453 50485 16
36714 49251 16
37741 49565 16
37294 50769 16
37509 49964 16
34605 51599 16
35289 50416 16
38044 50643 16
37268 53110 16
36656 50566 16
36229 52718 16
35130 50291 16
36510 50240 16
36021 48965 16
36001 50147 16
38506 49918 16
38123 52510 16
35792 48033 16
38875 51578 16
36128 48920 16
33825 51800 16
38347 52233 16
33348 49892 16
36163 53031 16
38329 47862 11
36978 48153 16
37327 51814 16
35640 50947 16
38899 50810 16
35153 49820 16
37773 51076 16
35854 49904 16
36557 48528 16
39462 50878 16
35609 51438 16
36400 49928 16
39355 49950 16
35678 48944 16
36240 50203 16
37851 50911 16
35529 48483 16
34856 50507 16
34555 47854 16
37617 51514 16
35288 52498 16
37102 50697 16
36117 50939 16
36195 51606 16
37334 49489 16
36894 47891 16
36510 50444 16
35679 51251 16
34039 48581 16
35416 50433 16
35292 47507 16
35473 49117 16
36805 51837 16
34907 49407 16
38576 50876 16
36911 52330 16
34151 50380 16
35994 50817 16
35873 50003 16
36406 50463 16
36711 51816 16
36773 50930 16
36847 53455 16
37462 52043 16
37317 49835 16
36221 54174 16
34893 50011 16
37153 52163 16
34999 50316 16
38215 53643 16
36818 50538 16
34119 52062 16
36099 51107 16
34017 50315 16
34972 50553 16
33611 50666 16
33361 48121 19
38446 48060 11
34622 51962 16
31946 51702 16
34976 51227 16
34143 49934 16
35518 50270 16
36539 51996 16
34748 51075 16
35055 51610 16
37740 50009 16
38157 49848 16
37775 49692 16
36319 52029 16
36552 51655 16
32979 50394 16
34994 52092 16
37047 48811 16
36847 53569 16
34617 52089 16
37507 50353 16
32954 50861 16
36008 48930 16
38371 51242 16
34908 50703 16
37348 49716 16
35338 51900 16
36979 51524 16
35275 50848 16
37365 52976 16
36288 52087 16
35328 53446 16
34733 51912 16
35553 51517 16
38070 53037 16
35152 50692 16
37005 51257 16
36522 50164 16
37810 48108 16
36619 46682 11
35912 49827 16
38795 48442 16
34981 48664 16
36403 48903 16
34507 47459 19
37485 51322 16
38515 50074 16
31066 46469 19
30611 46226 19
29328 44467 19
29589 46786 19
30863 47267 19
32118 43011 19
33642 48588 19
29513 44633 19
28483 46037 19
30420 42435 19
31130 46909 19
29934 47200 19
32303 47345 19
30906 47311 19
29581 44268 19
28832 44831 19
29906 47016 19
31073 46483 19
30198 47951 19
31032 45152 19
32141 43787 19
27818 46878 19
30370 43579 19
30879 41734 19
31448 44717 19
33078 44208 19
30581 46960 19
32202 47711 19
31905 46820 19
36071 44535 11
28440 44810 19
31170 46097 19
32193 45876 19
34126 46746 19
31067 45079 19
31167 47656 19
33790 46438 19
30561 46264 19
31109 44892 19
33014 45886 19
32463 45301 19
30997 45889 19
30534 46102 19
29735 48055 19
28512 45840 19
32901 45871 19
31926 45424 19
32819 47173 19
31542 45614 19
30793 42766 19
30764 43714 19
31793 46337 19
31657 46117 19
30537 43629 19
32209 47167 19
32744 43999 19
29246 46479 19
29476 43739 19
30758 41842 19
30553 47040 19
31802 47476 19
29976 46087 19
30957 47930 19
32118 46390 19
30694 44466 19
30439 47075 19
31920 46382 19
31778 47518 19
29259 45342 19
30472 44653 19
32252 46230 19
31852 45306 19
32198 46699 19
31370 45222 19
32264 46894 19
32335 45997 19
31154 45908 19
28736 40792 19
29679 46301 19
32210 46786 19
31213 43528 19
31291 44107 19
31127 47321 19
28118 44775 19
31119 46055 19
29705 47057 19
31624 45467 19
30790 47566 19
31604 46454 19
30100 45879 19
29919 45857 19
30801 44512 19
33008 44407 19
32062 45990 19
29052 45808 19
30659 44846 19
30026 45682 19
30627 44454 19
30382 43613 19
31871 44973 19
32139 46892 19
30578 44542 19
29043 45436 19
32211 48405 19
30016 44487 19
31178 44394 19
30522 46566 19
32049 47819 19
29855 45626 19
31054 44541 19
29608 45031 19
29612 45840 19
31350 44748 19
30806 45234 19
33610 44086 19
33021 43481 19
31152 46517 19
29368 46709 19
30888 45683 19
33108 45964 19
34179 48012 19
29599 44203 19
28615 47158 19
31622 45004 19
30047 45342 19
31991 44255 19
31144 43395 19
29855 45069 19
29912 46430 19
30220 45595 19
29812 46044 19
29899 45748 19
34751 49387 16
30128 45204 19
30635 43889 19
30294 45296 19
31764 46849 19
34639 46169 19
30302 47776 19
30371 45565 19
31911 45528 19
29707 44749 19
31573 45804 19
30257 45725 19
31476 44300 19
28961 43127 19
30635 45556 19
31375 45645 19
31662 45383 19
30947 43537 19
23842 44933 14
25896 45359 14
21800 47934 14
24542 44728 14
23441 45886 14
24535 44138 14
24486 43549 14
25819 45207 14
24646 45406 14
24392 46261 14
25166 45053 14
22211 45191 14
20458 45329 14
24316 45453 14
21958 45560 14
22184 44249 14
23144 45494 14
24266 44510 14
26221 45421 14
22912 46671 14
25740 44473 14
23877 45909 14
23609 46656 14
23433 45945 14
22387 47332 14
22050 45954 14
21444 46964 14
22051 44212 14
23554 45863 14
24929 43868 14
22096 47233 14
23462 44483 14
25301 46117 14
22168 46142 14
23939 46011 14
24675 45135 14
23107 46354 14
20963 45739 14
22876 45874 14
23487 42557 14
22163 45795 14
23404 44335 14
21221 44474 14
22638 45554 14
21615 48163 14
20714 45805 14
23688 45829 14
23515 46366 14
23692 44325 14
24567 43379 14
24343 46878 14
23272 45633 14
21255 44721 14
22392 47698 14
22575 45576 14
23378 45780 14
21147 44235 14
23016 45266 14
21108 45235 14
23136 46375 14
23584 44797 14
24890 43027 14
24311 41002 14
24738 44640 14
26216 43410 14
23658 45171 14
23855 45931 14
22615 45157 14
23820 44976 14
23767 43141 14
21854 45512 14
20838 46554 14
25822 48220 14
21171 46906 14
23376 45082 14
24788 44771 14
24522 45861 14
25495 42792 14
23958 44468 14
23825 46811 14
24527 46626 14
23835 46847 14
22937 43548 14
21657 45779 14
24273 42879 14
26228 46553 14
23338 46902 14
24477 43061 14
24736 45066 14
22976 47248 14
23230 46643 14
23589 42521 14
22285 45629 14
26468 45504 14
21561 44237 14
22250 45658 14
23906 45475 14
23754 47759 14
23594 45950 14
24330 45763 14
25198 46841 14
24438 45278 14
22378 42929 14
25044 44899 14
22934 45175 14
24259 43678 14
24947 45212 14
23737 44771 14
24847 44152 14
23038 45476 14
23277 44688 14
20307 46589 14
20494 45315 14
25807 47714 14
22166 45254 14
25532 46572 14
27376 45995 14
22506 43691 14
24987 44077 14
22999 46007 14
22034 44197 14
20914 44091 14
25535 46274 14
23288 45258 14
22341 46998 14
23954 47601 14
21368 45917 14
23746 45135 14
25316 46217 14
22485 48161 14
24868 46549 14
23674 43785 14
22995 44707 14
27463 46986 19
25679 47098 14
21579 45924 14
21055 45837 14
26609 47476 14
24628 45035 14
24355 48292 14
24966 43815 14
23763 44750 14
20485 46394 14
23524 46587 14
23628 44730 14
25693 46232 14
25345 45149 14
22546 43351 14
24514 48478 14
22225 44140 14
56907 37079 5
60236 35088 5
58110 38682 5
59019 39748 5
55932 35163 5
57632 37220 5
56429 35600 5
59796 34874 5
51782 34639 5
54794 34578 5
55615 36243 5
57356 40144 2
58457 37432 5
58770 33452 5
58965 33085 5
55470 35116 5
56993 32158 5
58047 36416 5
54381 36820 5
57391 35246 5
56730 35577 5
52492 35399 5
54286 34827 5
55842 36136 5
56678 35623 5
56690 36823 5
57832 36316 5
56688 36583 5
58706 36418 5
55517 34972 5
56809 36297 5
55983 38451 5
57652 35563 5
56680 34674 5
55269 35481 5
56805 36159 5
57312 35967 5
55628 34757 5
58214 37687 5
57022 36838 5
56611 34057 5
55580 34586 5
58427 32683 5
55448 37197 5
56636 35529 5
53222 36200 5
56396 37255 5
57306 37084 5
57593 37299 5
57370 36555 5
55510 35439 5
56813 35086 5
58070 35178 5
57381 34383 5
57335 32064 5
57649 35291 5
55892 36852 5
56074 35582 5
57906 33048 5
55366 35650 5
56413 36418 5
56941 38327 5
57154 33712 5
57750 36800 5
57857 36922 5
56143 35658 5
55338 35743 5
56441 35275 5
56414 37396 5
59486 32151 5
58706 36533 5
52659 34777 5
59404 32845 5
56922 35768 5
57726 35998 5
57200 36580 5
57944 36151 5
56618 35436 5
59034 35201 5
57527 34254 5
55893 34795 5
59479 34096 5
56696 36827 5
58247 36777 5
57425 33591 5
55633 35639 5
58824 35451 5
56641 37864 5
56541 35719 5
58690 38619 5
57601 35635 5
57601 38899 5
55493 35034 5
56406 35362 5
54744 37285 5
56968 36170 5
56554 34309 5
57672 34909 5
56549 36908 5
54899 36989 5
58177 34610 5
52736 36955 5
57200 36282 5
56107 34721 5
56844 34985 5
59046 35909 5
58878 34978 5
55592 36014 5
57442 38090 5
55333 34329 5
55756 36134 5
57707 36517 5
56490 35034 5
55408 37045 5
55350 37801 5
57650 36971 5
57240 34898 5
56276 34870 5
56026 35279 5
55507 39069 5
59313 34984 5
59314 35053 5
55148 36561 5
55846 33030 5
58280 35077 5
57860 36410 5
53799 37256 5
56172 34623 5
56629 34903 5
57012 37189 5
61328 34539 5
58570 36942 5
55822 35934 5
58008 34512 5
56810 36292 5
57603 34029 5
59246 36194 5
53045 33476 5
58231 34186 5
53386 37554 5
54858 34270 5
54851 35170 5
56299 36158 5
55829 34669 5
57130 33622 5
57045 35018 5
55963 37150 5
57850 35626 5
57398 33876 5
57433 35084 5
57353 60000 18
58154 59780 18
59668 60897 18
58098 61604 18
60212 56867 18
58558 56754 18
57238 61962 18
57393 60130 18
60954 58518 18
59449 62121 18
58116 61273 18
56322 59335 18
57785 59295 18
60018 58622 18
58845 62613 18
58689 61640 18
57082 58629 18
56935 61044 18
58391 61517 18
60966 58270 18
60804 57443 18
60743 58206 18
59138 60401 18
59953 59003 18
60969 59822 18
57136 61329 18
57366 61945 18
56366 57724 18
58665 59932 18
60758 60881 18
57980 59322 18
59239 61982 18
57812 61923 18
59704 60580 18
61020 59430 18
59976 61896 18
60409 59802 18
59165 59687 18
57762 60304 18
58771 60580 18
57753 59203 18
57852 60171 18
59079 59352 18
56843 59151 18
60331 57240 18
57591 61596 18
57063 58649 18
56693 58774 18
57642 59436 18
58329 60180 18
59112 63187 18
57718 59894 18
56937 59156 18
57576 59542 18
58613 58762 18
60267 60706 18
57706 56481 18
59214 58361 18
61073 59807 18
57207 61078 18
58015 59153 18
58158 58562 18
55203 57018 18
58219 61499 18
57782 60002 18
55784 59163 18
59345 61352 18
59269 59992 18
56691 59491 18
59024 60718 18
59110 60648 18
58750 57843 18
59118 60039 18
57473 59889 18
57935 59287 18
58935 58666 18
58889 60334 18
60927 60647 18
59624 59604 18
58797 58377 18
58624 58748 18
58691 58145 18
60046 58263 18
59449 58883 18
56818 60227 18
60006 60524 18
59772 62508 18
57843 58840 18
59475 60281 18
57562 57847 18
57692 60874 18
59111 59739 18
55418 59726 18
57647 61654 18
57192 63091 18
56910 61194 18
60549 59383 18
58222 62395 18
59915 58433 18
59520 59618 18
58928 60595 18
59722 59830 18
61347 59432 18
61654 61450 18
56954 58817 18
56034 59874 18
60069 58113 18
58563 62792 18
59022 58759 18
56745 59632 18
58611 56944 18
58213 61124 18
59832 61819 18
57659 62508 18
58167 57737 18
56924 58052 18
59983 59647 18
60295 58226 18
59571 59704 18
59407 63359 18
61438 60731 18
58412 60555 18
59087 60200 18
59921 58297 18
62507 59886 18
56500 61376 18
60955 57896 18
58439 61605 18
56364 59088 18
56487 61747 18
59447 57392 18
57894 59036 18
57925 61583 18
61135 58271 18
59445 59658 18
59387 60014 18
58154 60283 18
55361 61450 18
59573 59358 18
60407 60339 18
57851 60497 18
56974 60278 18
58959 61260 18
58590 59525 18
56814 60167 18
56482 59948 18
59678 56732 18
56898 59377 18
61084 58521 18
60235 57996 18
35967 36673 7
33802 37020 7
34261 37067 7
37405 33958 7
36836 39256 7
37201 37141 7
33942 34583 7
36874 35950 7
36087 35914 7
35266 37658 7
35368 35938 7
37797 36278 7
38059 35143 7
37189 38589 7
39025 38317 7
39884 40043 7
34384 37619 7
35438 35961 7
35228 34409 7
36656 39035 7
34657 37807 7
34997 35538 7
34596 37163 7
36515 36356 7
36659 37772 7
37432 39281 7
35778 38273 7
35673 37211 7
35254 33638 7
36100 37456 7
38717 38000 7
37182 37411 7
35648 39129 7
35955 37847 7
36359 37310 7
35721 36229 7
36528 36061 7
39397 39374 7
36008 35818 7
34522 35773 7
35101 38142 7
36844 38976 7
36672 36938 7
36638 35819 7
35636 37443 7
36690 39754 7
35091 35641 7
36944 39148 7
35483 38084 7
33394 37319 7
35390 35563 7
37099 38588 7
38095 39196 7
36056 34964 7
35612 35819 7
34622 37604 7
33618 37049 7
37790 37999 7
39063 35717 7
36444 34614 7
37971 36374 7
32167 39987 7
36206 36422 7
36389 38939 7
36095 33268 7
37525 38632 7
33540 39200 7
35076 35331 7
35191 37667 7
33916 38665 7
36172 35806 7
36579 35985 7
37915 37571 7
35600 37619 7
32910 36355 7
35412 36473 7
36407 36157 7
36663 37415 7
34432 35853 7
36058 35597 7
34996 36782 7
38645 36855 7
35811 37422 7
34222 38934 7
36509 37087 7
34560 38446 7
36209 37346 7
34940 35990 7
35403 36688 7
32942 35010 7
35436 37366 7
37768 35501 7
34772 37566 7
37396 38924 7
37109 39039 7
36322 38482 7
36164 36125 7
35531 36570 7
37177 35936 7
35355 38390 7
38130 36011 7
36242 37643 7
37882 36742 7
36127 38450 7
35394 38220 7
34349 37125 7
34947 39400 7
33437 35442 7
34167 36965 7
36172 39484 7
37370 38669 7
37667 37350 7
36974 38282 7
35801 35541 7
35609 37194 7
36795 34454 7
34626 36266 7
35808 36376 7
33613 39794 7
37801 36929 7
38443 39283 7
33652 37501 7
35332 38247 7
37264 36885 7
35768 33850 7
33922 37009 7
33846 33297 7
33715 38111 7
34553 37161 7
36826 38107 7
35007 39211 7
36173 35498 7
36725 35697 7
36455 37227 7
35395 37619 7
34614 36595 7
35110 36198 7
34870 39058 7
35579 39250 7
36919 37870 7
35851 39142 7
38539 37485 7
35082 36246 7
32801 33333 7
35038 34405 7
35494 35663 7
37480 35672 7
35852 35216 7
36125 38191 7
36039 37098 7
36216 62182 17
37992 59534 17
36398 59165 17
33519 59516 17
37891 59892 17
37835 56856 17
36486 58780 17
36333 58448 17
35492 58360 17
39398 58165 15
36215 57623 17
36229 58559 17
35847 60401 17
33122 61567 17
36575 58483 17
38437 59774 15
36403 61703 17
36423 59073 17
35423 57630 17
36850 56751 17
33959 57663 17
36243 57771 17
37479 60292 17
39385 58486 15
35322 59148 17
35700 57384 17
36242 57635 17
36696 59198 17
34637 57665 17
34443 60316 17
37166 58232 17
39283 59107 15
36049 59576 17
34553 59382 17
40134 59872 15
33630 58312 17
35047 60446 17
36709 56868 17
37404 56050 17
37599 57510 17
36454 59424 17
38035 58873 17
36308 60312 17
38558 56670 17
36529 58009 17
32534 60827 17
35346 58988 17
34712 57869 17
35561 59193 17
35534 60214 17
37053 57010 17
38314 58604 17
38318 60919 15
38027 59660 17
35355 60826 17
35436 59180 17
35727 58236 17
39398 60099 15
37269 57920 17
36889 59486 17
37566 59456 17
39104 58213 15
32504 60521 17
35603 58464 17
33987 58301 17
38181 57802 17
33486 56845 17
36799 61300 17
36246 57201 17
33218 58279 17
35125 58821 17
36219 58974 17
37589 58770 17
40243 57661 15
35361 62227 17
38232 59464 17
35237 58902 17
35398 58700 17
37988 59312 17
35644 59384 17
38422 59220 17
37090 59149 17
38945 59787 15
34996 58737 17
34596 59765 17
36992 56453 17
33822 59036 17
35211 58983 17
36283 59567 17
38990 58154 15
37488 61935 15
35445 59206 17
37798 56597 17
35170 59819 17
33624 58303 17
35462 61614 17
34945 57757 17
38089 56389 17
37372 57669 17
39872 58481 15
36960 58594 17
35192 61069 17
37556 56733 17
37083 57931 17
36878 61006 17
37226 57241 17
38515 58026 17
34289 56684 17
35741 57634 17
37745 57622 17
36805 60016 17
34914 58404 17
38566 59390 15
36967 58135 17
36433 57684 17
34796 60094 17
36645 58435 17
36421 57942 17
36037 57311 17
35578 57692 17
33356 61093 17
33015 57987 17
36045 57448 17
33606 59280 17
37937 56751 17
35457 58671 17
37360 59696 17
35066 57896 17
36783 59577 17
34208 56715 17
36846 60935 17
35141 60571 17
36861 59309 17
34573 59067 17
38523 59697 15
35104 58388 17
36442 57756 17
36551 60388 17
35711 57926 17
36064 60505 17
38706 57037 17
36216 57898 17
39611 56741 15
35988 58251 17
37263 57129 17
37094 59676 17
35217 59875 17
36483 57847 17
34924 58072 17
37060 58762 17
30908 61364 1
29802 58114 1
30571 60758 1
34779 62221 17
30304 61141 1
30877 60859 1
30681 62149 1
31259 62320 1
30567 62523 1
28728 61702 1
32333 61933 17
29047 58154 1
31463 61149 1
30898 60616 1
28229 59101 1
33697 58534 17
29758 63528 1
30280 62465 1
32349 61066 17
32134 61037 17
30612 61541 1
33233 62021 17
29987 61369 1
29079 60255 1
29589 60622 1
28995 58890 1
31627 61188 1
29272 59183 1
28392 61346 1
31204 59112 1
30174 60328 1
31578 60296 1
29445 64978 1
31977 59480 17
31182 60250 1
30648 60178 1
30532 61950 1
31720 61379 1
32583 61093 17
30050 60218 1
31627 61090 1
31236 60424 1
28553 62002 1
30375 62924 1
31573 60997 1
27505 58926 1
30061 61246 1
32649 59545 17
27696 59838 1
30506 59686 1
32074 61939 17
28616 59416 1
29085 60541 1
30515 60969 1
33532 59075 17
28578 63180 1
31643 60477 1
28729 63139 1
31112 61673 1
32361 59991 17
32426 59919 17
31204 58913 1
29626 60190 1
30075 59907 1
32218 62122 17
30740 62257 1
28555 61394 1
31318 58248 1
29618 60724 1
32557 61120 17
31530 59440 1
32126 60135 17
29801 61182 1
29148 58130 1
26807 61319 1
31413 60511 1
30647 61432 1
30619 60514 1
31284 61697 1
31312 60742 1
33387 61847 17
32660 59958 17
30795 63840 1
30746 61100 1
31879 60106 17
33018 62972 17
30887 62360 1
31474 60121 1
31797 61321 17
30395 60514 1
29160 57565 1
30133 63934 1
33171 59359 17
28342 58906 1
30960 62047 1
30927 61258 1
30161 62149 1
29448 62355 1
30068 62245 1
32579 62231 17
32590 63313 17
28653 61470 1
31663 61270 1
33003 60476 17
31142 59600 1
27316 63731 1
31472 59250 1
31233 61286 1
32954 59101 17
28250 60235 1
30145 59447 1
30168 60662 1
32390 58431 17
30330 61187 1
31866 61099 17
29485 63621 1
27659 60100 1
29690 64853 1
30276 59599 1
31279 61858 1
28391 59730 1
31215 59848 1
33275 60563 17
30749 59966 1
28904 59191 1
27819 63600 1
30019 58071 1
31985 62537 17
32412 63477 17
27380 61315 1
30483 60444 1
28526 58659 1
31133 64758 1
32997 59655 17
30720 60651 1
31643 59695 1
31779 59328 1
31849 60708 17
31872 60703 17
29130 58041 1
28327 60138 1
30265 59751 1
32061 59778 17
29842 62137 1
33359 62329 17
29116 59119 1
30071 60466 1
29916 60125 1
28434 59636 1
29436 60956 1
27434 54958 1
25440 57862 1
24392 57589 1
26136 56016 1
26253 58899 1
24733 56201 1
25528 59581 1
25738 58235 1
24618 55531 1
26834 55097 1
25201 54565 1
25851 58222 1
27108 57491 1
28837 54748 1
24946 56824 1
25052 57829 1
28402 57647 1
25052 57022 1
27181 54919 1
28052 55809 1
25196 55203 1
26591 56646 1
29474 56798 1
27070 57594 1
26481 56658 1
24784 57237 1
28064 58174 1
27715 55387 1
26470 56078 1
23811 56713 1
26542 57297 1
27473 55726 1
26275 56590 1
25919 59329 1
27550 55740 1
28594 55605 1
28250 58482 1
27827 58698 1
26215 55199 1
27517 55156 1
27881 60061 1
27012 54253 1
26172 55215 1
26319 58948 1
27900 56990 1
28810 55914 1
28021 56815 1
27286 59569 1
25494 55960 1
25659 57314 1
27469 55207 1
26043 55705 1
26718 53997 1
27707 56661 1
27634 56842 1
27707 56972 1
26205 53325 1
26512 58723 1
27821 56672 1
25689 56135 1
25979 56888 1
26345 56949 1
24731 56832 1
25629 58886 1
29908 56769 1
25873 59678 1
27128 54407 1
27287 58184 1
26387 58854 1
26891 56558 1
24536 56381 1
28383 58361 1
27493 56974 1
28582 58290 1
25283 58667 1
26042 59496 1
28772 57273 1
25425 57151 1
28909 58542 1
26560 55691 1
27188 56510 1
26174 57058 1
23262 57537 4
26490 58074 1
27874 55221 1
24446 56245 1
29227 57928 1
26149 60135 1
25540 56691 1
25014 56055 1
25970 55621 1
28657 57812 1
28212 55783 1
25507 58317 1
27306 57368 1
27463 56882 1
23994 55242 1
24879 56386 1
24594 58438 1
28033 54727 1
29053 58326 1
26193 55842 1
29259 57100 1
27525 57634 1
28073 56257 1
26774 57001 1
25383 56911 1
25669 56972 1
25208 56211 1
27256 59403 1
27196 59444 1
27331 56041 1
27937 58138 1
28509 58324 1
26717 60264 1
27955 56280 1
25446 55704 1
26109 58656 1
25760 55776 1
28212 56159 1
28233 54684 1
26449 55946 1
25001 58362 1
26962 56689 1
25916 54106 1
28777 57742 1
27815 58195 1
25663 55384 1
27901 55860 1
25659 54386 1
28759 58288 1
25021 56847 1
26692 57000 1
27775 54914 1
25818 53650 1
25985 57795 1
27033 60004 1
27613 55744 1
28592 54269 1
25260 56723 1
24970 59023 1
23462 57642 1
26119 56817 1
29242 56662 1
25347 57105 1
26091 56821 1
26145 58505 1
26896 57284 1
25137 55409 1
27354 54316 1
19261 63453 4
20147 61505 4
19188 57789 10
19583 63659 4
17969 62228 4
21897 58917 4
22606 61448 4
19622 64221 4
22246 61319 4
20384 62437 4
20960 61852 4
21577 60141 4
18709 61578 4
18999 61780 4
20587 62383 4
19768 60627 4
22982 59562 4
19533 60480 4
20782 61636 4
19005 60807 4
18261 60547 4
21899 61237 4
19257 62118 4
18804 62526 4
21096 59815 4
20354 59784 4
19943 63108 4
19049 59645 4
19177 58865 4
19048 62924 4
23096 59668 4
21449 60845 4
20765 60709 4
21064 60931 4
19837 60753 4
18422 62176 4
19779 61803 4
19838 59122 4
19108 61782 4
21412 58791 4
20671 61282 4
18870 60325 4
18642 58455 4
19395 59800 4
19335 61410 4
19770 59397 4
18068 61918 4
21368 59942 4
19530 58199 4
20181 60841 4
19764 63838 4
18920 61044 4
18680 62674 4
19070 61422 4
21307 64529 4
19144 62358 4
19290 60747 4
19871 62381 4
19696 57420 10
19797 61359 4
18344 59637 4
20259 60511 4
20316 61803 4
22369 62265 4
19096 59674 4
20453 61587 4
20380 60733 4
16846 62613 4
20002 57292 10
19912 60502 4
19641 59926 4
19601 60881 4
19285 60802 4
21062 61940 4
20568 59655 4
20338 62938 4
21393 62630 4
19272 60480 4
20007 61561 4
20784 60935 4
19038 60983 4
17653 62598 4
18996 59942 4
19506 63413 4
19294 57629 10
19154 62093 4
18934 63661 4
20737 61019 4
20490 62450 4
18960 62751 4
22403 62224 4
20378 62549 4
18929 59621 4
20252 61749 4
19309 61793 4
16591 60560 4
19015 62840 4
17643 60949 4
18426 62525 4
20294 61802 4
20151 62252 4
18502 63614 4
18015 60258 4
19545 60834 4
21792 62240 4
19942 59731 4
20535 59462 4
20768 63354 4
18347 59545 4
19276 62396 4
18781 60559 4
20515 61410 4
19925 58496 4
21944 60190 4
21072 63597 4
19964 60809 4
20709 63801 4
18101 59879 4
20971 58909 4
22489 59259 4
18892 60475 4
22071 61236 4
20481 60914 4
20438 59851 4
19803 60968 4
20257 61196 4
19242 61797 4
18406 58116 10
20868 59488 4
17152 59537 4
19680 62580 4
19930 60962 4
20911 63782 4
18513 61092 4
21616 62776 4
21783 61970 4
20687 60667 4
18989 60037 4
19871 62312 4
17818 62484 4
20526 61492 4
20561 61164 4
21231 59423 4
18961 60872 4
20211 60986 4
21615 61597 4
19972 62712 4
19606 62894 4
19063 62295 4
20217 63442 4
19143 53284 10
17326 51720 10
16296 54087 10
16286 54449 10
20417 56568 10
16111 53619 10
15846 56000 10
19105 52235 10
19655 54785 10
16638 53423 10
16223 56656 10
16166 53836 10
16738 54689 10
17753 52609 10
18846 53892 10
15101 50950 10
16371 54091 10
19680 54296 10
17314 54956 10
19294 52649 10
20358 53540 10
18491 57638 10
17300 51911 10
13909 53337 10
16250 56716 10
16803 53706 10
17777 51711 10
17494 56321 10
17023 52554 10
18480 54137 10
17989 54877 10
14909 52137 10
16271 55503 10
15579 54275 10
17775 55776 10
17573 56376 10
14562 54344 10
16017 52583 10
17725 53549 10
17782 57990 10
18273 55960 10
16798 54135 10
16402 54427 10
17604 57415 10
15159 52909 10
17093 56620 10
14665 53393 10
16840 56442 10
15944 52902 10
15383 53914 10
19752 54971 10
17200 52488 10
16393 55068 10
17783 51416 10
15985 51728 10
16315 54450 10
16104 56565 10
17658 52827 10
16905 55169 10
18617 55656 10
16219 53637 10
17610 58180 10
17395 54596 10
17136 53618 10
16675 50940 10
19876 54521 10
18453 56324 10
17211 52619 10
20832 53051 10
17426 55344 10
18261 53072 10
16398 54369 10
18211 53160 10
16394 57589 10
20680 56180 10
16527 53323 10
17108 54515 10
15165 54667 10
16265 53570 10
16364 55389 10
16595 52653 10
14197 54364 10
16746 55228 10
14365 55602 10
17741 55439 10
14590 55330 10
15981 55498 10
17050 55534 10
17805 55269 10
19018 53560 10
14927 54599 10
17892 53512 10
15779 56775 10
16612 53816 10
18536 55169 10
16108 54076 10
14127 53882 10
18780 55399 10
17650 54611 10
16732 52426 10
17318 55292 10
18541 55919 10
16938 55514 10
15396 53105 10
17508 55488 10
17431 54420 10
16714 55948 10
17403 56861 10
18068 54386 10
14683 54085 10
17898 55100 10
17206 53687 10
17583 57472 10
17075 54403 10
16780 53847 10
15915 55154 10
19939 54424 10
14995 55889 10
16928 56318 10
16097 56428 10
15133 52003 10
15860 57599 10
18488 56212 10
17423 55459 10
16507 54347 10
17751 53859 10
16898 54827 10
16932 55866 10
19892 54860 10
16278 52466 10
16719 55585 10
17800 53918 10
18378 56011 10
13907 54576 10
17044 55877 10
15476 55040 10
17358 55280 10
18717 52598 10
17547 55041 10
17304 54119 10
19798 52845 10
16116 54683 10
14980 53904 10
16067 56094 10
16546 54778 10
16137 57399 10
17141 54202 10
17786 55157 10
16714 51438 10
14737 55071 10
11897 49856 6
8604 49746 6
10766 51585 6
12389 49818 6
8766 51369 6
11798 53052 6
10834 51147 6
9549 50996 6
10321 50691 6
10565 51704 6
11845 51491 6
11060 50234 6
10171 48859 6
10919 50525 6
11480 50604 6
12475 49220 6
7385 51656 6
11437 51406 6
10670 49260 6
8654 50049 6
9927 51309 6
11022 50515 6
10633 50511 6
11096 50971 6
8723 52304 6
12851 51373 6
11786 51096 6
11239 52647 6
9454 51165 6
8982 51774 6
12236 51043 6
9741 50089 6
11398 47759 6
9862 53085 6
12114 49993 6
9243 53664 6
11639 50146 6
9706 48399 6
10229 53155 6
10935 51458 6
11745 50495 6
13063 51433 6
11225 51892 6
10680 51164 6
11263 48928 6
8633 49581 6
12697 52216 6
9171 50386 6
8066 52133 6
10401 53090 6
12416 51460 6
10794 50115 6
10580 51553 6
11365 50973 6
9763 50495 6
9416 50770 6
7934 48544 6
10806 48952 6
10904 51342 6
9657 52423 6
12791 50426 6
8842 50261 6
11640 50257 6
11450 52510 6
10480 51773 6
11020 49726 6
8705 49365 6
8276 48524 6
10859 51248 6
6798 51275 6
9359 51444 6
8524 52422 6
8506 50665 6
7906 50299 6
9247 50471 6
11773 50161 6
8730 51510 6
8422 52679 6
13020 50329 6
10991 48211 6
11536 49673 6
11062 50068 6
10653 51048 6
8444 50174 6
11876 50023 6
11611 48473 6
9327 52012 6
10749 51406 6
10026 52647 6
10579 49821 6
13981 49623 6
10579 50729 6
9390 51106 6
12594 52133 6
9198 50826 6
11435 50996 6
12436 48816 6
9815 51501 6
11037 50777 6
8869 51886 6
9744 50911 6
10333 50182 6
10622 52334 6
7739 49873 6
12376 48666 6
12199 50485 6
13144 49604 6
8524 50708 6
11095 51738 6
9592 50262 6
10879 49512 6
11130 49369 6
10337 49890 6
9895 50510 6
9703 51958 6
7720 51431 6
9481 49546 6
7484 52113 6
8583 49768 6
6951 51758 6
10191 49243 6
11820 50017 6
7445 50769 6
10764 52080 6
10444 50923 6
9616 52793 6
13482 49941 6
11149 51188 6
11076 53717 6
11109 49944 6
10704 51371 6
9443 52075 6
8868 52990 6
10757 51325 6
11396 53232 6
10048 52277 6
10606 53363 6
9657 50553 6
10058 49889 6
9324 49714 6
9816 55272 6
11888 48809 6
9837 50011 6
11269 48664 6
9836 52030 6
10577 51583 6
6885 51244 6
11023 49802 6
10839 50455 6
10013 50471 6
3364 56093 9
5522 54143 9
4557 54902 9
4140 54842 9
4927 52701 9
5607 54784 9
4864 55680 9
5617 55660 9
5366 53856 9
6727 54732 9
2968 54214 9
5388 53392 9
7034 50514 6
4207 53376 9
3110 55381 9
3991 55631 9
3589 53393 9
1756 54502 9
6577 53657 9
6675 54728 9
5984 55785 9
3520 55818 9
3375 53677 9
6947 52316 9
2677 54186 9
3465 54037 9
4750 55207 9
4977 51710 9
2847 54305 9
5988 53574 9
4362 53432 9
5003 52684 9
4715 54506 9
4759 57743 9
5027 55655 9
7431 50756 6
3849 54348 9
2248 53985 9
5088 52898 9
2916 54180 9
4382 53067 9
3581 58080 9
2707 55155 9
4962 56531 9
2326 53879 9
4410 54098 9
2875 55177 9
5539 55039 9
2796 57052 9
7335 54395 9
5489 52708 9
4492 56754 9
2056 56061 9
6689 53870 9
5902 53527 9
5359 54762 9
7002 54536 9
6570 55309 9
5909 54502 9
4118 53600 9
4081 56221 9
3662 53763 9
4418 56325 9
4995 57057 9
7625 54059 9
5729 53643 9
5509 54479 9
2512 53861 9
5781 54701 9
3499 55206 9
4780 56332 9
6726 55910 9
4567 55033 9
3933 54316 9
4329 53012 9
6046 55497 9
5418 54124 9
5759 55028 9
5970 54618 9
5664 54114 9
6835 55281 9
5026 55207 9
4332 56121 9
6236 54262 9
4946 55080 9
4356 55423 9
5755 53627 9
4231 53432 9
4453 53923 9
5516 56043 9
5268 56645 9
4567 55451 9
3441 55616 9
4911 53538 9
6503 53356 9
3746 53927 9
4245 55965 9
4413 54165 9
4159 54035 9
4115 53150 9
6251 55245 9
5389 54870 9
6666 54030 9
2575 54211 9
4749 55593 9
2996 55489 9
3594 53609 9
5764 53896 9
5192 52602 9
0 54499 9
7700 54988 9
5770 53331 9
4235 54556 9
4731 54238 9
4877 55291 9
4023 57278 9
3874 55784 9
5255 52393 9
6228 55206 9
5618 54536 9
2659 55959 9
4084 54843 9
4524 56226 9
4061 54024 9
3597 52748 9
6267 57098 9
3944 55580 9
2596 56386 9
6210 54578 9
4785 54895 9
5536 54428 9
5945 52615 9
4028 55483 9
4222 57392 9
5088 53006 9
5378 55302 9
6635 57985 9
6044 55199 9
3305 55031 9
5133 53898 9
4636 57162 9
5065 57069 9
4260 54579 9
4761 54969 9
4711 53314 9
6752 54903 9
6702 54483 9
4405 54784 9
7579 54208 9
3600 53791 9
10256 60907 12
8676 57719 12
9383 61340 12
10156 60841 12
8627 63762 12
12376 62842 12
12048 59831 12
10279 57681 12
11465 61289 12
9589 60754 12
8002 60609 12
10364 61512 12
12948 60162 12
12277 61976 12
8576 60303 12
12546 60499 12
7951 59432 12
9986 60034 12
10939 58346 12
9893 59586 12
12095 64166 12
6646 63005 12
11091 61195 12
10950 57600 12
10930 60322 12
11468 61950 12
8554 60761 12
10663 59125 12
9431 62300 12
9966 59064 12
6693 60430 12
12090 59869 12
10936 61184 12
12124 60279 12
11187 58843 12
8710 58937 12
10102 60364 12
10616 60683 12
11579 58617 12
8521 59545 12
12110 59455 12
9117 60001 12
14665 60436 12
8431 61105 12
11971 59851 12
12613 59379 12
10372 57097 12
11306 60035 12
10198 58488 12
11721 61075 12
10690 61867 12
11511 62215 12
8638 60548 12
9347 61512 12
8446 60600 12
10530 56564 12
10726 60737 12
10334 60937 12
11226 57861 12
10802 56031 6
12622 58547 12
10938 62519 12
11210 58343 12
13252 62021 12
12559 59819 12
8908 59029 12
12930 62857 12
10570 63000 12
8778 63637 12
13836 60414 12
8240 60831 12
10210 58723 12
12347 61746 12
10963 57947 12
10824 61369 12
9766 58973 12
9432 61396 12
11631 59714 12
10722 61544 12
11103 60003 12
12424 58655 12
11681 59832 12
13039 61888 12
9932 59316 12
11412 64537 12
10853 62937 12
9972 60044 12
11616 60575 12
10434 61086 12
10993 59910 12
9534 61767 12
12150 59180 12
9933 59269 12
13206 62465 12
7821 61712 12
10844 63287 12
13096 62112 12
12171 61128 12
13063 59700 12
10031 61025 12
12335 58115 12
11878 60429 12
10390 61299 12
10336 60916 12
8238 58683 12
13779 60968 12
13348 60275 12
11955 59006 12
8673 62255 12
12822 62138 12
8471 61739 12
9954 60705 12
11436 59452 12
12430 62195 12
10457 61257 12
9639 62038 12
11068 58255 12
9730 63026 12
9817 60728 12
8339 61080 12
10669 61473 12
10438 63245 12
9520 60139 12
8957 61191 12
11134 60627 12
12965 61972 12
9210 59309 12
9829 61696 12
10746 62172 12
10595 61783 12
8280 57997 12
7644 61816 12
11776 61448 12
13598 63186 12
9058 60416 12
10200 62166 12
10536 62434 12
11719 61142 12
9996 61355 12
11775 61142 12
9033 63414 12
9287 62954 12
9049 59370 12
10457 58942 12
9647 59886 12
8754 61242 12
11165 59822 12
8828 59102 12
8879 59244 12
10002 61399 12
